0.000  -        1.000           963     9.58
                                   1.000  -        2.000           836    17.90
                                   2.000  -        3.000           776    25.62
                                   3.000  -        4.000           668    32.27
                                   4.000  -        5.000           713    39.36
                                   5.000  -        6.000           584    45.17
                                   6.000  -        7.000           509    50.24
                                   7.000  -        8.000           463    54.85
                                   8.000  -        9.000           409    58.92
                                   9.000  -       10.000           427    63.16
                                  10.000  -       11.000           349    66.64
                                  11.000  -       12.000           336    69.98
                                  12.000  -       13.000           287    72.84
                                  13.000  -       14.000           233    75.15
                                  14.000  -       15.000           235    77.49
                                  15.000  -       16.000           225    79.73
                                  16.000  -       17.000           186    81.58
                                  17.000  -       18.000           171    83.28
                                  18.000  -       19.000           154    84.82
                                  19.000  -       20.000           143    86.24
                                  20.000  -       21.000           153    87.76
                                  21.000  -       22.000           125    89.00
                                  22.000  -       23.000           104    90.04
                                  23.000  -       24.000            91    90.95
                                  24.000  -       25.000            97    91.91
                                  25.000  -       26.000            78    92.69
                                  26.000  -       27.000            73    93.41
                                  27.000  -       28.000            62    94.03
                                  28.000  -       29.000            59    94.62
                                  29.000  -       30.000            53    95.14
                                  30.000  -       31.000            49    95.63
                                  31.000  -       32.000            48    96.11
                                  32.000  -       33.000            38    96.49
                                  33.000  -       34.000            30    96.79
                                  34.000  -       35.000            37    97.15
                                  35.000  -       36.000            24    97.39
                                  36.000  -       37.000            22    97.61
                                  37.000  -       38.000            23    97.84
                                  38.000  -       39.000            24    98.08
                                  39.000  -       40.000            20    98.28
                                  40.000  -       41.000            13    98.41
                                  41.000  -       42.000            16    98.57
                                  42.000  -       43.000            14    98.71
                                  43.000  -       44.000            11    98.82
                                  44.000  -       45.000             9    98.91
                                  45.000  -       46.000             7    98.98
                                  46.000  -       47.000             7    99.04
                                  47.000  -       48.000            11    99.15
                                  48.000  -       49.000            15    99.30
                                  49.000  -       50.000            10    99.40
                                  50.000  -       51.000            10    99.50
                                  51.000  -       52.000            10    99.60
                                  52.000  -       53.000             8    99.68
                                  53.000  -       54.000             4    99.72
                                  54.000  -       55.000             4    99.76
                                  55.000  -       56.000             3    99.79
                                  56.000  -       57.000             1    99.80
                                  57.000  -       58.000             2    99.82
                                  58.000  -       59.000             4    99.86
                                  59.000  -       60.000             3    99.89
                                  60.000  -       61.000             0    99.89
                                  61.000  -       62.000             1    99.90
                                  62.000  -       63.000             2    99.92
                                  63.000  -       64.000             2    99.94
                                  64.000  -       65.000             1    99.95
                                  65.000  -       66.000             0    99.95
                                  66.000  -       67.000             3    99.98
                                  67.000  -       68.000             0    99.98
                                  68.000  -  _                       2   100.00
