0.000  -        1.000            18     0.11
                                   1.000  -        2.000            29     0.28
                                   2.000  -        3.000            31     0.46
                                   3.000  -        4.000            55     0.79
                                   4.000  -        5.000            49     1.08
                                   5.000  -        6.000            81     1.57
                                   6.000  -        7.000            98     2.15
                                   7.000  -        8.000           130     2.92
                                   8.000  -        9.000           111     3.58
                                   9.000  -       10.000           166     4.57
                                  10.000  -       11.000           166     5.56
                                  11.000  -       12.000           212     6.82
                                  12.000  -       13.000           205     8.04
                                  13.000  -       14.000           223     9.37
                                  14.000  -       15.000           254    10.88
                                  15.000  -       16.000           272    12.50
                                  16.000  -       17.000           279    14.16
                                  17.000  -       18.000           286    15.86
                                  18.000  -       19.000           309    17.70
                                  19.000  -       20.000           343    19.75
                                  20.000  -       21.000           332    21.72
                                  21.000  -       22.000           313    23.59
                                  22.000  -       23.000           377    25.83
                                  23.000  -       24.000           364    28.00
                                  24.000  -       25.000           367    30.18
                                  25.000  -       26.000           385    32.47
                                  26.000  -       27.000           389    34.79
                                  27.000  -       28.000           393    37.13
                                  28.000  -       29.000           391    39.46
                                  29.000  -       30.000           395    41.81
                                  30.000  -       31.000           400    44.19
                                  31.000  -       32.000           324    46.12
                                  32.000  -       33.000           333    48.10
                                  33.000  -       34.000           371    50.31
                                  34.000  -       35.000           342    52.35
                                  35.000  -       36.000           324    54.27
                                  36.000  -       37.000           354    56.38
                                  37.000  -       38.000           320    58.29
                                  38.000  -       39.000           358    60.42
                                  39.000  -       40.000           292    62.16
                                  40.000  -       41.000           310    64.00
                                  41.000  -       42.000           326    65.94
                                  42.000  -       43.000           270    67.55
                                  43.000  -       44.000           235    68.95
                                  44.000  -       45.000           266    70.53
                                  45.000  -       46.000           252    72.03
                                  46.000  -       47.000           257    73.56
                                  47.000  -       48.000           254    75.07
                                  48.000  -       49.000           248    76.55
                                  49.000  -       50.000           236    77.96
                                  50.000  -       51.000           230    79.32
                                  51.000  -       52.000           191    80.46
                                  52.000  -       53.000           169    81.47
                                  53.000  -       54.000           180    82.54
                                  54.000  -       55.000           174    83.58
                                  55.000  -       56.000           168    84.58
                                  56.000  -       57.000           138    85.40
                                  57.000  -       58.000           157    86.33
                                  58.000  -       59.000           139    87.16
                                  59.000  -       60.000           129    87.93
                                  60.000  -       61.000           126    88.68
                                  61.000  -       62.000           117    89.37
                                  62.000  -       63.000           102    89.98
                                  63.000  -       64.000           111    90.64
                                  64.000  -       65.000            84    91.14
                                  65.000  -       66.000            91    91.68
                                  66.000  -       67.000           108    92.33
                                  67.000  -       68.000            66    92.72
                                  68.000  -       69.000            85    93.23
                                  69.000  -       70.000            63    93.60
                                  70.000  -       71.000            60    93.96
                                  71.000  -       72.000            65    94.34
                                  72.000  -       73.000            50    94.64
                                  73.000  -       74.000            78    95.11
                                  74.000  -       75.000            53    95.42
                                  75.000  -       76.000            54    95.74
                                  76.000  -       77.000            46    96.02
                                  77.000  -       78.000            54    96.34
                                  78.000  -       79.000            38    96.57
                                  79.000  -       80.000            33    96.76
                                  80.000  -       81.000            38    96.99
                                  81.000  -       82.000            43    97.24
                                  82.000  -       83.000            44    97.51
                                  83.000  -       84.000            18    97.61
                                  84.000  -       85.000            28    97.78
                                  85.000  -       86.000            29    97.95
                                  86.000  -       87.000            22    98.08
                                  87.000  -       88.000            27    98.24
                                  88.000  -       89.000            23    98.38
                                  89.000  -       90.000            14    98.46
                                  90.000  -       91.000            18    98.57
                                  91.000  -       92.000            17    98.67
                                  92.000  -       93.000             9    98.73
                                  93.000  -       94.000            20    98.85
                                  94.000  -       95.000            27    99.01
                                  95.000  -       96.000            15    99.10
                                  96.000  -       97.000            15    99.18
                                  97.000  -       98.000            13    99.26
                                  98.000  -       99.000             7    99.30
                                  99.000  -      100.000            12    99.37
                                 100.000  -      101.000             8    99.42
                                 101.000  -      102.000             4    99.45
                                 102.000  -      103.000             9    99.50
                                 103.000  -      104.000             2    99.51
                                 104.000  -      105.000             2    99.52
                                 105.000  -      106.000             4    99.55
                                 106.000  -      107.000             8    99.60
                                 107.000  -      108.000             4    99.62
                                 108.000  -      109.000             6    99.65
                                 109.000  -      110.000             5    99.68
                                 110.000  -      111.000             6    99.72
                                 111.000  -      112.000             2    99.73
                                 112.000  -      113.000             9    99.79
                                 113.000  -      114.000             5    99.82
                                 114.000  -      115.000             3    99.83
                                 115.000  -      116.000             3    99.85
                                 116.000  -      117.000             2    99.86
                                 117.000  -      118.000             6    99.90
                                 118.000  -      119.000             1    99.90
                                 119.000  -      120.000             1    99.91
                                 120.000  -      121.000             2    99.92
                                 121.000  -      122.000             1    99.93
                                 122.000  -      123.000             0    99.93
                                 123.000  -      124.000             2    99.94
                                 124.000  -      125.000             3    99.96
                                 125.000  -      126.000             0    99.96
                                 126.000  -      127.000             0    99.96
                                 127.000  -      128.000             0    99.96
                                 128.000  -      129.000             2    99.97
                                 129.000  -      130.000             0    99.97
                                 130.000  -      131.000             2    99.98
                                 131.000  -      132.000             0    99.98
                                 132.000  -      133.000             1    99.99
                                 133.000  -      134.000             0    99.99
                                 134.000  -      135.000             0    99.99
                                 135.000  -      136.000             0    99.99
                                 136.000  -      137.000             0    99.99
                                 137.000  -      138.000             0    99.99
                                 138.000  -  _                       2   100.00
