0.000  -        1.000           981     3.65
                                   1.000  -        2.000           865     6.88
                                   2.000  -        3.000           807     9.88
                                   3.000  -        4.000           723    12.57
                                   4.000  -        5.000           762    15.41
                                   5.000  -        6.000           665    17.89
                                   6.000  -        7.000           607    20.15
                                   7.000  -        8.000           593    22.36
                                   8.000  -        9.000           520    24.30
                                   9.000  -       10.000           593    26.50
                                  10.000  -       11.000           515    28.42
                                  11.000  -       12.000           548    30.46
                                  12.000  -       13.000           492    32.30
                                  13.000  -       14.000           456    34.00
                                  14.000  -       15.000           489    35.82
                                  15.000  -       16.000           497    37.67
                                  16.000  -       17.000           465    39.40
                                  17.000  -       18.000           457    41.10
                                  18.000  -       19.000           463    42.83
                                  19.000  -       20.000           486    44.64
                                  20.000  -       21.000           485    46.44
                                  21.000  -       22.000           438    48.07
                                  22.000  -       23.000           481    49.87
                                  23.000  -       24.000           455    51.56
                                  24.000  -       25.000           464    53.29
                                  25.000  -       26.000           463    55.01
                                  26.000  -       27.000           462    56.73
                                  27.000  -       28.000           455    58.43
                                  28.000  -       29.000           450    60.11
                                  29.000  -       30.000           448    61.77
                                  30.000  -       31.000           449    63.45
                                  31.000  -       32.000           372    64.83
                                  32.000  -       33.000           371    66.21
                                  33.000  -       34.000           401    67.71
                                  34.000  -       35.000           379    69.12
                                  35.000  -       36.000           348    70.41
                                  36.000  -       37.000           376    71.82
                                  37.000  -       38.000           343    73.09
                                  38.000  -       39.000           382    74.52
                                  39.000  -       40.000           312    75.68
                                  40.000  -       41.000           323    76.88
                                  41.000  -       42.000           342    78.15
                                  42.000  -       43.000           284    79.21
                                  43.000  -       44.000           246    80.13
                                  44.000  -       45.000           275    81.15
                                  45.000  -       46.000           259    82.12
                                  46.000  -       47.000           264    83.10
                                  47.000  -       48.000           265    84.09
                                  48.000  -       49.000           263    85.07
                                  49.000  -       50.000           246    85.98
                                  50.000  -       51.000           240    86.88
                                  51.000  -       52.000           201    87.63
                                  52.000  -       53.000           177    88.29
                                  53.000  -       54.000           184    88.97
                                  54.000  -       55.000           178    89.63
                                  55.000  -       56.000           171    90.27
                                  56.000  -       57.000           139    90.79
                                  57.000  -       58.000           159    91.38
                                  58.000  -       59.000           143    91.91
                                  59.000  -       60.000           132    92.41
                                  60.000  -       61.000           126    92.87
                                  61.000  -       62.000           118    93.31
                                  62.000  -       63.000           104    93.70
                                  63.000  -       64.000           113    94.12
                                  64.000  -       65.000            85    94.44
                                  65.000  -       66.000            91    94.78
                                  66.000  -       67.000           111    95.19
                                  67.000  -       68.000            66    95.44
                                  68.000  -       69.000            85    95.75
                                  69.000  -       70.000            63    95.99
                                  70.000  -       71.000            60    96.21
                                  71.000  -       72.000            66    96.46
                                  72.000  -       73.000            50    96.64
                                  73.000  -       74.000            78    96.93
                                  74.000  -       75.000            53    97.13
                                  75.000  -       76.000            54    97.33
                                  76.000  -       77.000            46    97.50
                                  77.000  -       78.000            54    97.71
                                  78.000  -       79.000            38    97.85
                                  79.000  -       80.000            33    97.97
                                  80.000  -       81.000            38    98.11
                                  81.000  -       82.000            43    98.27
                                  82.000  -       83.000            44    98.44
                                  83.000  -       84.000            18    98.50
                                  84.000  -       85.000            28    98.61
                                  85.000  -       86.000            29    98.71
                                  86.000  -       87.000            22    98.80
                                  87.000  -       88.000            27    98.90
                                  88.000  -       89.000            23    98.98
                                  89.000  -       90.000            14    99.04
                                  90.000  -       91.000            18    99.10
                                  91.000  -       92.000            17    99.17
                                  92.000  -       93.000             9    99.20
                                  93.000  -       94.000            20    99.27
                                  94.000  -       95.000            27    99.37
                                  95.000  -       96.000            15    99.43
                                  96.000  -       97.000            15    99.49
                                  97.000  -       98.000            13    99.53
                                  98.000  -       99.000             7    99.56
                                  99.000  -      100.000            12    99.61
                                 100.000  -      101.000             8    99.63
                                 101.000  -      102.000             4    99.65
                                 102.000  -      103.000             9    99.68
                                 103.000  -      104.000             2    99.69
                                 104.000  -      105.000             2    99.70
                                 105.000  -      106.000             4    99.71
                                 106.000  -      107.000             8    99.74
                                 107.000  -      108.000             4    99.76
                                 108.000  -      109.000             6    99.78
                                 109.000  -      110.000             5    99.80
                                 110.000  -      111.000             6    99.82
                                 111.000  -      112.000             2    99.83
                                 112.000  -      113.000            10    99.87
                                 113.000  -      114.000             5    99.88
                                 114.000  -      115.000             3    99.90
                                 115.000  -      116.000             3    99.91
                                 116.000  -      117.000             2    99.91
                                 117.000  -      118.000             6    99.94
                                 118.000  -      119.000             1    99.94
                                 119.000  -      120.000             1    99.94
                                 120.000  -      121.000             2    99.95
                                 121.000  -      122.000             1    99.96
                                 122.000  -      123.000             0    99.96
                                 123.000  -      124.000             2    99.96
                                 124.000  -      125.000             3    99.97
                                 125.000  -      126.000             0    99.97
                                 126.000  -      127.000             0    99.97
                                 127.000  -      128.000             0    99.97
                                 128.000  -      129.000             2    99.98
                                 129.000  -      130.000             0    99.98
                                 130.000  -      131.000             2    99.99
                                 131.000  -      132.000             0    99.99
                                 132.000  -      133.000             1    99.99
                                 133.000  -      134.000             0    99.99
                                 134.000  -      135.000             0    99.99
                                 135.000  -      136.000             0    99.99
                                 136.000  -      137.000             0    99.99
                                 137.000  -      138.000             0    99.99
                                 138.000  -  _                       2   100.00
