                                      _  -        0.000           147     0.88
                                   0.000  -        1.000            85     1.38
                                   1.000  -        2.000           102     1.99
                                   2.000  -        3.000           124     2.73
                                   3.000  -        4.000           169     3.73
                                   4.000  -        5.000           207     4.96
                                   5.000  -        6.000           236     6.37
                                   6.000  -        7.000           265     7.95
                                   7.000  -        8.000           328     9.90
                                   8.000  -        9.000           349    11.98
                                   9.000  -       10.000           374    14.20
                                  10.000  -       11.000           371    16.41
                                  11.000  -       12.000           424    18.94
                                  12.000  -       13.000           397    21.30
                                  13.000  -       14.000           415    23.77
                                  14.000  -       15.000           457    26.49
                                  15.000  -       16.000           438    29.10
                                  16.000  -       17.000           492    32.03
                                  17.000  -       18.000           425    34.56
                                  18.000  -       19.000           480    37.41
                                  19.000  -       20.000           439    40.03
                                  20.000  -       21.000           447    42.69
                                  21.000  -       22.000           408    45.12
                                  22.000  -       23.000           431    47.68
                                  23.000  -       24.000           449    50.35
                                  24.000  -       25.000           402    52.75
                                  25.000  -       26.000           394    55.09
                                  26.000  -       27.000           414    57.56
                                  27.000  -       28.000           366    59.74
                                  28.000  -       29.000           343    61.78
                                  29.000  -       30.000           306    63.60
                                  30.000  -       31.000           322    65.52
                                  31.000  -       32.000           337    67.52
                                  32.000  -       33.000           309    69.36
                                  33.000  -       34.000           277    71.01
                                  34.000  -       35.000           275    72.65
                                  35.000  -       36.000           266    74.23
                                  36.000  -       37.000           283    75.92
                                  37.000  -       38.000           245    77.37
                                  38.000  -       39.000           245    78.83
                                  39.000  -       40.000           229    80.20
                                  40.000  -       41.000           217    81.49
                                  41.000  -       42.000           216    82.77
                                  42.000  -       43.000           182    83.86
                                  43.000  -       44.000           195    85.02
                                  44.000  -       45.000           175    86.06
                                  45.000  -       46.000           175    87.10
                                  46.000  -       47.000           140    87.93
                                  47.000  -       48.000           158    88.87
                                  48.000  -       49.000           142    89.72
                                  49.000  -       50.000           123    90.45
                                  50.000  -       51.000           116    91.14
                                  51.000  -       52.000            97    91.72
                                  52.000  -       53.000            95    92.29
                                  53.000  -       54.000           101    92.89
                                  54.000  -       55.000            85    93.39
                                  55.000  -       56.000            71    93.82
                                  56.000  -       57.000            65    94.20
                                  57.000  -       58.000            71    94.62
                                  58.000  -       59.000            70    95.04
                                  59.000  -       60.000            64    95.42
                                  60.000  -       61.000            48    95.71
                                  61.000  -       62.000            64    96.09
                                  62.000  -       63.000            50    96.39
                                  63.000  -       64.000            33    96.58
                                  64.000  -       65.000            43    96.84
                                  65.000  -       66.000            40    97.08
                                  66.000  -       67.000            33    97.27
                                  67.000  -       68.000            29    97.45
                                  68.000  -       69.000            33    97.64
                                  69.000  -       70.000            27    97.80
                                  70.000  -       71.000            27    97.96
                                  71.000  -       72.000            36    98.18
                                  72.000  -       73.000            29    98.35
                                  73.000  -       74.000            23    98.49
                                  74.000  -       75.000            18    98.60
                                  75.000  -       76.000            26    98.75
                                  76.000  -       77.000            17    98.85
                                  77.000  -       78.000            13    98.93
                                  78.000  -       79.000            11    98.99
                                  79.000  -       80.000            14    99.08
                                  80.000  -       81.000            12    99.15
                                  81.000  -       82.000            14    99.23
                                  82.000  -       83.000            10    99.29
                                  83.000  -       84.000             6    99.33
                                  84.000  -       85.000             5    99.36
                                  85.000  -       86.000            14    99.44
                                  86.000  -       87.000             4    99.46
                                  87.000  -       88.000             8    99.51
                                  88.000  -       89.000             8    99.56
                                  89.000  -       90.000             5    99.59
                                  90.000  -       91.000             4    99.61
                                  91.000  -       92.000             5    99.64
                                  92.000  -       93.000             5    99.67
                                  93.000  -       94.000             7    99.71
                                  94.000  -       95.000             8    99.76
                                  95.000  -       96.000             1    99.77
                                  96.000  -       97.000             1    99.77
                                  97.000  -       98.000             1    99.78
                                  98.000  -       99.000             2    99.79
                                  99.000  -      100.000             1    99.80
                                 100.000  -      101.000             3    99.82
                                 101.000  -      102.000             0    99.82
                                 102.000  -      103.000             2    99.83
                                 103.000  -      104.000             4    99.85
                                 104.000  -      105.000             1    99.86
                                 105.000  -      106.000             3    99.87
                                 106.000  -      107.000             2    99.89
                                 107.000  -      108.000             3    99.90
                                 108.000  -      109.000             1    99.91
                                 109.000  -      110.000             3    99.93
                                 110.000  -      111.000             1    99.93
                                 111.000  -      112.000             1    99.94
                                 112.000  -      113.000             1    99.95
                                 113.000  -      114.000             2    99.96
                                 114.000  -      115.000             0    99.96
                                 115.000  -      116.000             1    99.96
                                 116.000  -      117.000             0    99.96
                                 117.000  -      118.000             0    99.96
                                 118.000  -      119.000             1    99.97
                                 119.000  -      120.000             0    99.97
                                 120.000  -      121.000             1    99.98
                                 121.000  -      122.000             1    99.98
                                 122.000  -      123.000             0    99.98
                                 123.000  -      124.000             1    99.99
                                 124.000  -      125.000             0    99.99
                                 125.000  -      126.000             0    99.99
                                 126.000  -      127.000             1    99.99
                                 127.000  -      128.000             0    99.99
                                 128.000  -      129.000             0    99.99
                                 129.000  -      130.000             0    99.99
                                 130.000  -      131.000             0    99.99
                                 131.000  -      132.000             0    99.99
                                 132.000  -      133.000             0    99.99
                                 133.000  -      134.000             0    99.99
                                 134.000  -      135.000             0    99.99
                                 135.000  -      136.000             0    99.99
                                 136.000  -      137.000             1   100.00
